Training:	16518
Test:	4122
1000 1e-11 0.01 236203.490014
1000 1e-11 0.1 236203.490014
1000 1e-11 1 236203.490017
1000 1e-11 10 236203.490043
1000 1e-11 100 236203.490306
1000 1e-09 0.01 178516.068253
1000 1e-09 0.1 178516.068262
1000 1e-09 1 178516.068352
1000 1e-09 10 178516.069244
1000 1e-09 100 178516.07817
1000 1e-07 0.01 162300.327801
1000 1e-07 0.1 162300.327855
1000 1e-07 1 162300.328397
1000 1e-07 10 162300.333816
1000 1e-07 100 162300.388008
1000 1e-05 0.01 nan
1000 1e-05 0.1 nan
1000 1e-05 1 nan
1000 1e-05 10 nan
1000 1e-05 100 nan
3000 1e-11 0.01 235349.196217
3000 1e-11 0.1 235349.196218
3000 1e-11 1 235349.196222
3000 1e-11 10 235349.196268
3000 1e-11 100 235349.196724
3000 1e-09 0.01 169380.476224
3000 1e-09 0.1 169380.476231
3000 1e-09 1 169380.476296
3000 1e-09 10 169380.476946
3000 1e-09 100 169380.483446
3000 1e-07 0.01 159605.030202
3000 1e-07 0.1 159605.030294
3000 1e-07 1 159605.031219
3000 1e-07 10 159605.040461
3000 1e-07 100 159605.132881
3000 1e-05 0.01 nan
3000 1e-05 0.1 nan
3000 1e-05 1 nan
3000 1e-05 10 nan
3000 1e-05 100 nan
5000 1e-11 0.01 234766.331363
5000 1e-11 0.1 234766.331364
5000 1e-11 1 234766.331369
5000 1e-11 10 234766.331428
5000 1e-11 100 234766.332016
5000 1e-09 0.01 167529.15979
5000 1e-09 0.1 167529.159795
5000 1e-09 1 167529.159844
5000 1e-09 10 167529.160328
5000 1e-09 100 167529.165176
5000 1e-07 0.01 157841.276486
5000 1e-07 0.1 157841.276602
5000 1e-07 1 157841.277759
5000 1e-07 10 157841.289332
5000 1e-07 100 157841.405059
5000 1e-05 0.01 nan
5000 1e-05 0.1 nan
5000 1e-05 1 nan
5000 1e-05 10 nan
5000 1e-05 100 nan
5000 1e-07 157841.276486
157841.405059
155106.51828
1000 1e-11 0.01 236203.490014
1000 1e-11 0.1 236203.490014
1000 1e-11 1 236203.490014
1000 1e-11 10 236203.490017
1000 1e-11 100 236203.490049
1000 1e-09 0.01 178516.068262
1000 1e-09 0.1 178516.068351
1000 1e-09 1 178516.069235
1000 1e-09 10 178516.078079
1000 1e-09 100 178516.166519
1000 1e-07 0.01 162300.327913
1000 1e-07 0.1 162300.328979
1000 1e-07 1 162300.339636
1000 1e-07 10 162300.44621
1000 1e-07 100 162301.51175
1000 1e-05 0.01 nan
1000 1e-05 0.1 nan
1000 1e-05 1 nan
1000 1e-05 10 nan
1000 1e-05 100 nan
3000 1e-11 0.01 235349.196217
3000 1e-11 0.1 235349.196217
3000 1e-11 1 235349.196218
3000 1e-11 10 235349.196228
3000 1e-11 100 235349.196325
3000 1e-09 0.01 169380.476234
3000 1e-09 0.1 169380.476324
3000 1e-09 1 169380.477232
3000 1e-09 10 169380.486313
3000 1e-09 100 169380.577123
3000 1e-07 0.01 159605.030531
3000 1e-07 0.1 159605.033588
3000 1e-07 1 159605.064158
3000 1e-07 10 159605.369845
3000 1e-07 100 159608.425707
3000 1e-05 0.01 nan
3000 1e-05 0.1 nan
3000 1e-05 1 nan
3000 1e-05 10 nan
3000 1e-05 100 nan
5000 1e-11 0.01 234766.331363
